Sref = 92.053390 
Cref = 2.864102 
Bref = 28.956000 
X_cg = 6.180000 
Y_cg = 0.000006 
Z_cg = -0.500000 
Mach = 0.000000 
AoA = 0.000000, 5.000000, 10.000000, 15.000000, 20.000000 
Beta = 0.000000 
Vinf = 100.000000 
Rho = 0.002377 
ReCref = 10000000.000000 
ClMax = -1.000000 
MaxTurningAngle = -1.000000 
Symmetry = NO 
FarDist = -1.000000 
NumWakeNodes = 64 
WakeIters = 5 
NumberOfControlGroups = 0 
Preconditioner = Matrix 
Karman-Tsien Correction = N 
Stability Type = 0 
